0.25m

0.31
0.32
0.22
0.31
0.32
0.30
0.29
0.29
0.31
0.32
0.25
0.30
0.32
0.34
0.28
0.33
0.33
0.24
0.28
0.32
0.26
0.28
0.31
0.27
0.28
0.32
0.30
0.32
0.34
0.32


0.50m

0.56
0.57
0.54
0.59
0.55
0.59
0.57
0.59
0.54
0.57
0.58
0.56
0.56
0.62
0.55
0.57
0.61
0.57


0.75m

0.90
0.99
0.90
0.91
0.96
0.90
0.91
0.94
0.90
0.92
0.90
0.92
0.91
0.96
0.93
0.90
0.92
0.91
0.90
0.89
0.90
0.91
0.91
0.91
0.90


1m

1.20
1.19
1.18
1.18
1.12
1.12
1.15
1.21
1.12
1.16
1.26
1.17
1.19
1.21
1.24
1.20
1.20
1.18
1.18
1.17
1.20
1.21
1.16

1.25m

1.45
1.48
1.50
1.46
1.46
1.46
1.46
1.50
1.51
1.51
1.47
1.44
1.43
1.43
1.41
1.47
1.43
1.45
1.44
1.44
1.44
1.43
1.44

1.50 m

1.75
1.72
1.67
1.70
1.75
1.72
1.76
1.67
1.78
1.76
1.76
1.62
1.75
1.61
1.73
1.70
1.72
1.77
1.74
1.70
1.70
1.69
1.70


1.75m

1.95
1.91
2.01
1.97
1.95
1.95
2.03
2.03
1.99
2.02
1.98
2.00
2.00
1.99
1.97
2.02
1.94
2.04
2.02
2.03
2.04
2.08
2.02


2.00 m

2.18
2.22
2.19
2.19
2.11
2.33
2.18
2.18
2.42
2.26
2.31
2.27
2.27
2.27
2.30
2.25
2.23
2.26
2.23
2.25
2.28
2.30
2.23
2.27

2.25m

2.47
2.43
2.38
2.52
2.41
2.47
2.44
2.46
2.43
2.45
2.48
2.46
2.44
2.44
2.45
2.47
2.49
2.45
2.42
2.49
2.44
2.48
2.46
2.47
2.50
2.50
2.41
2.42
2.47
2.45

3.00 m

3.41
3.49
3.52
3.44
3.50
3.45
3.47
3.40
3.50
3.49
3.18
3.25
3.22
3.26
3.21
3.25
3.26
3.26
3.42
3.41
3.45
3.38
3.41
3.41
3.42
3.38
3.33
3.29
3.33
3.37
3.36
3.40
3.37
3.40
3.36
3.38
3.34
3.36
3.34
3.37

4.00 m

4.13
4.24
4.14
4.18
4.22
4.20
4.15
4.17
4.16
4.16
4.14
4.45
4.06
4.15
4.20
4.13
4.22
4.21
4.22
4.45
4.22
4.16
4.22
4.24
4.22
4.19
4.25
4.22
4.22
4.22
4.22
4.27
4.23
4.28
4.24
4.20
4.23
4.25
4.24
4.22
4.01
4.71
4.71
4.71
4.19
4.69
4.42
4.40
